ID	Parent1	Parent2	Sex	pat_hed_xcd	pat_hed_ycd	pat_hed_scv	pat_hed_sch	pat_ctr_xcd	pat_ctr_ycd	pat_ctr_scv	pat_ctr_sch	pat_tal_xcd	pat_tal_ycd	pat_tal_scv	pat_tal_sch	pat_scl_thr	col_hed_lmv	col_hed_rgv	col_hed_byv	col_ctr_lmv	col_ctr_rgv	col_ctr_byv	col_tal_lmv	col_tal_rgv	col_tal_byv	col_mac_lmv	col_mac_rgv	col_mac_byv	col_shd_lmv	col_shd_rgv	col_shd_byv	grd_hed_rad	grd_hed_ycd	grd_hed_sig	grd_hed_val	grd_ctr_sft	grd_ctr_thr	grd_ctr_blr	grd_ctr_val	grd_tal_rad	grd_tal_ycd	grd_tal_sig	grd_tal_val	csd_grd_sig	csd_grd_thr	eem_int_lvl	eem_int_rto	eem_sig_lvl	eem_sig_rto	eem_exp_lvl	eem_exp_rto	spk_hed_sig	spk_hed_lvl	spk_tal_sig	spk_tal_lvl
Gen31_Mut0_ID0	Gen27_Mut0_ID12	Gen28_Mut0_ID8	-	0.3557	0.5350	0.8140	0.6043	0.8993	0.0623	0.3903	0.3448	0.6103	0.0216	0.5488	0.1554	0.0991	0.4733	0.3902	0.1194	0.5363	0.4566	0.2055	0.1560	0.6547	0.0552	0.3123	0.4178	0.3732	0.2748	0.3521	0.5704	0.1980	0.6949	0.4198	0.5353	0.2997	1	0.1694	0.5776	0.2454	0.3705	0.6286	0.8836	0.9622	0.2431	0.1731	0.2928	0.1498	0.5369	0.2220	0.7496	0.5248	0.7000	0.7582	0.2934
Gen31_Mut0_ID1	Gen28_Mut0_ID8	Gen27_Mut0_ID12	-	0.3397	0.5887	0.5550	0.7064	0.9242	0.0397	0.3336	0.9489	0.3513	0.0943	0.7751	0.1664	0.0800	0.4030	0.3599	0.3902	0.5309	0.3850	0.3294	0.1158	0.3177	0.3712	0.3348	0.3994	0.3980	0.2801	0.7087	0.3507	0.2623	0.5120	0.4761	0.3412	0.0152	0.9465	0.0404	0.2484	0.0607	0.6388	0.6216	0.8589	0.9609	0.5968	0.6060	0.1957	0.3790	0.4038	0.4918	0.8619	0.6048	0.2844	0.7548	0.2322
Gen31_Mut0_ID2	Gen24_Mut0_ID9	Gen30_Mut0_ID10	-	0.3400	0.5897	0.8061	0.7636	0.9538	0.4700	0.4114	0.3448	0.5352	0.0971	0.6223	0.1672	0.0160	0.4749	0.3417	0.3902	0.5682	0.4566	0.3501	0.0791	0.3377	0.0902	0.2879	0.4034	0.3191	0.2910	0.6992	0.4451	0.2710	0.6949	0.4930	0.1143	0.0316	0.9816	0.1694	0.1976	0.2801	0.6355	0.4756	0.2516	0.9699	0.5968	0.5272	0.2874	0.2221	0.4475	0.1944	0.9426	0.6144	0.6217	0.7640	0.2934
Gen31_Mut0_ID3	Gen30_Mut0_ID10	Gen24_Mut0_ID9	-	0.3449	0.5307	0.8199	0.7393	0.9291	0	0.3101	0.5852	0.5074	0.1694	0.6356	0.2031	0.0653	0.4172	0.3595	0.1194	0.6071	0.5200	0.3199	0.1571	0.3373	0.3640	0.3409	0.4132	0.3994	0.2801	0.6643	0.4465	0.1980	0.6585	0.3663	0.3297	0.0232	0.9968	0.6170	0.6284	0.0067	0.6990	0.7689	0.8836	0.9625	0.1857	0.1052	0.4522	0.5469	0.6342	0.5479	0.6689	0.5737	0.2497	0.7547	0.2034
Gen31_Mut0_ID4	Gen30_Mut0_ID19	Gen30_Mut0_ID14	-	0.3445	0.6391	0.5188	0.6458	0.7413	0.0085	0.5229	0.9538	0.4109	0.0675	0.5474	0.1661	0.0951	0.4733	0.1981	0.3902	0.5309	0.3799	0.2528	0.1475	0.3177	0.3712	0.4115	0.3933	0.3440	0.2575	0.6970	0.2631	0.2645	0.5120	0.4651	0.1757	0.2997	1	0.0404	0.5990	0.0115	0.6355	0.7378	0.8836	0.8974	0.2560	0.0933	0.1211	0.5553	0.5124	0.2241	0.9217	0.5201	0.6984	0.7596	0.3338
Gen31_Mut0_ID5	Gen30_Mut0_ID14	Gen30_Mut0_ID19	-	0.3524	0.5649	0.5550	0.5567	0.9035	0.3562	0.3173	1	0.5480	0.0317	0.5886	0.1584	0.0437	0.3826	0.4229	0.1194	0.4589	0.4511	0.3562	0.1571	0	0.0552	0.4237	0.4239	0.3771	0.2748	0	0.3672	0.1576	0.6934	0.3671	0.5854	0	1	0.1694	0.6662	0.7272	0.3738	0.6056	0.7961	0.7980	0.5882	0.5957	0.5700	0.5634	0.5692	0.4036	0.8619	0.5714	0.2627	0.8152	0.1698
Gen31_Mut0_ID6	Gen30_Mut0_ID17	Gen28_Mut0_ID2	-	0.2647	0.6140	0.8161	0.6458	0.9068	0.4700	0.3470	0.9818	0.5626	0.0283	0.5976	0.2712	0.0232	0.4708	0.3413	0.3902	0.5322	0.5160	0.3579	0.0312	0.5542	0.0552	0.3597	0.4218	0.3994	0.3587	0.7770	0.1495	0.2710	0.6546	0.4655	0.4986	0.0973	0.9816	0.1612	0.5417	0.2776	0.7412	0.6754	0.7195	0.9172	0.6735	0.1845	0.4522	0.5634	0.4511	0.8380	0.8130	0.5888	0.4060	0.8579	0.2934
Gen31_Mut0_ID7	Gen28_Mut0_ID2	Gen30_Mut0_ID17	-	0.2647	0.5290	0.8091	0.5575	0.9012	0.4727	0.5002	0.9597	0.4967	0.0544	0.6022	0.2712	0.3805	0.3854	0.3542	0.2692	0.5400	0.6214	0.3522	0.0555	0.5656	0.0552	0.2504	0.4415	0.3750	0.2526	0.6264	0.2735	0.2964	0.7068	0.4605	0.2509	0.9117	0.1612	0.5360	0.6111	0.6436	0.5654	0.6352	0.8804	0.9620	0.6735	0.4987	0.1985	0.5469	0.5351	0.8380	0.8182	0.7278	0.2032	0.8558	0.1811
Gen31_Mut0_ID8	Gen26_Mut0_ID15	Gen30_Mut0_ID3	-	0.3381	0.5756	0.8011	0.5621	0.9553	0.4845	0.4114	0.9489	0.5507	0.0943	0.6153	0.1112	0.3516	0.4614	0.3545	0.3902	0.6848	0.3505	0.3788	0.0555	0.6497	0.3712	0.3838	0.4178	0.3800	0.2547	0.7548	0.3223	0.3778	0.7126	0.5454	0.3450	0.0167	1	0.0906	0.2484	0.5967	0.6307	0.6603	0.8923	0.9546	0.5968	0.6060	0.1590	0.1498	0.3477	0.4639	0.8386	0.6097	0.2497	0.9733	0.1757
Gen31_Mut0_ID9	Gen30_Mut0_ID3	Gen26_Mut0_ID15	-	0.2683	0.6492	0.8163	0.5719	0.8744	0.0276	0.2733	0.7495	0.5480	0.0124	0.5934	0.5906	0.0483	0.4063	0.2790	0.3902	0.5804	0.5040	0.2621	0.0867	0.3474	0.3275	0.3495	0.4032	0.3980	0.2858	0.6821	0.2471	0.0444	0.6934	0.3235	0.1757	0.0041	0.9968	0.1694	0.5789	0	0.7860	0.7638	0.7874	0.9624	0.0060	0.0797	0.2928	0.4797	0.3411	0.4082	0.9877	0.5665	0.6226	0.7547	0.3988
Gen31_Mut0_ID10	Gen29_Mut0_ID3	Gen20_Mut0_ID11	-	0.2257	0.5548	0.9235	0.5767	0.8966	0.4700	0.5260	0.9274	0.5444	0.0544	0.6223	0.2946	0.0733	0.3826	0.3655	0.3902	0.5188	0.5391	0.1661	0.0202	0.6472	0.0732	0.3418	0.4485	0.2946	0.2519	0.6264	0.2931	0.2236	0.5555	0.9075	0.5665	0.0606	0.9573	0.1681	0.5776	0.5465	0.0728	0.6216	0.3149	0.9448	0.2982	0.1788	0.1957	0.4679	0.4274	0.7687	0.8533	0.6206	0.2258	0.8854	0.3378
Gen31_Mut0_ID11	Gen20_Mut0_ID11	Gen29_Mut0_ID3	-	0.2467	0.6498	0.8421	0.5557	0.9291	0.4845	0.5260	0.7374	0.5480	0.0248	0.6142	0.1630	0.1073	0.4749	0.3542	0.3221	0.6246	0.4898	0.2725	0.1147	0.5656	0.3538	0.2568	0.3857	0.3812	0.2833	0.3638	0.2665	0.0924	0.7082	0.4659	0.1556	0.0119	0.9720	0.1612	0.5752	0	0.6841	0.5453	0.1626	0.9575	0.5233	0.0797	0.2879	0.4668	0.4647	0.2220	0.8609	0.6111	0.2797	0.8281	0.2934
Gen31_Mut0_ID12	Gen28_Mut0_ID6	Gen25_Mut0_ID15	-	0.1836	0.5504	0.8061	0.7253	0.9350	0.4833	0.4055	0.5511	0.5499	0.0943	0.5928	0.1976	0	0.3871	0.3599	0.3221	0.6070	0.4826	0.3687	0.0202	0.2411	0.3654	0.3713	0.4236	0.3187	0.2568	0.8025	0.4289	0.2099	0.8200	0.4393	0.0522	0.0396	0.9606	0.1694	0.5776	0.3946	0.6355	0.5691	0.9248	0.9625	0.6063	0.0816	0.1957	0.4381	0.6198	0.4082	0.8527	0.5667	0.2106	0.8750	0.2490
Gen31_Mut0_ID13	Gen25_Mut0_ID15	Gen28_Mut0_ID6	-	0.3452	0.6470	0.9607	0.7540	0.9291	0	0.3327	0.2583	0.6383	0.0691	0.6223	0.1692	0.0381	0.4745	0.3655	0.3902	0.6748	0.5192	0.3888	0.0555	0.4351	0.1521	0.3357	0.4117	0.3187	0.2563	0.5610	0.3301	0.2761	0.6488	0.5035	0.1944	0.0219	1	0.6170	0.2484	0	0.6990	0.6678	0.2212	0.9642	0.1857	0.1034	0.2874	0.4584	0.4475	0.7609	0.8566	0.6175	0.2497	0.8153	0.5470
Gen31_Mut0_ID14	Gen30_Mut0_ID8	Gen30_Mut0_ID6	-	0.2647	0.6498	0.8076	0.6701	0.9291	0.4845	0.5318	0.9588	0.5507	0.0248	0.6032	0.1792	0.1471	0.5190	0.3533	0.3902	0.5191	0.6131	0.3809	0.0555	0.5808	0.4085	0.3988	0.4217	0.4429	0.2525	0.3621	0.2337	0.3667	0.7713	0.4206	0.1757	0.0142	0.9736	0.2216	0.5754	0.0246	0.5947	0.6590	0.2487	0.9625	0.4890	0.1788	0.2672	0.8314	0.8186	0.8380	0.8186	0.6898	0.2043	0.7772	0.2145
Gen31_Mut0_ID15	Gen30_Mut0_ID6	Gen30_Mut0_ID8	-	0.3756	0.5127	0.8064	0.4475	0.9350	0.4477	0.5202	0.9497	0.5482	0.0248	0.6142	0.1818	0	0.2462	0.4006	0.3265	0.5360	0.5217	0.2770	0.0559	0.7053	0.1676	0.2841	0.4178	0.2682	0.2519	0.7764	0.1601	0.1337	0.6437	0.5021	0.3412	0.0169	0.9924	0.1238	0.2590	0.6227	0.5948	0.6005	0.8487	0.6883	0.6340	0.1807	0.1618	0.1564	0.4397	0.3956	0.8541	0.6111	0.2486	0.8020	0.3966
Gen31_Mut0_ID16	Gen20_Mut0_ID17	Gen29_Mut0_ID6	-	0.2321	0.5757	0.8143	0.6458	0.9300	0.3651	0.3101	0.0841	0.5480	0.0544	0.6160	0.1792	0.3985	0.4137	0.3413	0.2932	0.5345	0.5540	0.7400	0.7525	0.4082	0.7446	0.7525	0.7525	0.3750	0.3246	0.3638	0.2735	0.1639	0.7190	0.4564	0.3681	0.0570	0.9816	0.6080	0.5752	0.6132	0.5956	0.6326	0.7195	0.9119	0.6735	0.0982	0.2304	0.5634	0.3332	0.4602	0.8248	0.6111	0.4269	0.8624	0.5461
Gen31_Mut0_ID17	Gen29_Mut0_ID6	Gen20_Mut0_ID17	-	0.2647	0.6333	0.8246	0.5776	0.8959	0.4663	0.5260	0.9818	0.5626	0.0593	0.5976	0.2712	0.3561	0.3826	0.3542	0.3857	0.6035	0.7525	0.4009	0.0202	0.7026	0.3786	0.3946	0.4123	0.2946	0.3587	0.6264	0.3431	0.0509	0.5632	0.4651	0.5967	0	0.9817	0.1456	0.5776	0.2488	0.7058	0.6589	0.8805	0.9164	0.4400	0.2281	0.3668	0.4668	0.5309	0.8417	0.9088	0.6161	0.2635	0.8243	0.1376
Gen31_Mut0_ID18	Gen30_Mut0_ID11	Gen29_Mut0_ID11	-	0.1836	0.6498	0.8061	0.7091	0.8248	0.3943	0.4055	0.9489	0.5507	0.0943	0.5367	0.1547	0.0381	0.4749	0.3902	0.3195	0.6504	0.5064	0.4859	0.1147	0.5460	0.3775	0.3541	0.4117	0.3980	0.2395	0.3638	0.3290	0.3667	0.6934	0.4568	0.4096	0.0152	0.9837	0.2569	0.2484	0.0147	0.6355	0.6260	0.3950	0.9642	0.6096	0.6379	0.1535	0.3275	0.3474	0.4082	0.8529	0.6013	0.2497	0.7547	0.2209
Gen31_Mut0_ID19	Gen29_Mut0_ID11	Gen30_Mut0_ID11	-	0.3397	0.6834	0.8140	0.5463	0.9332	0.0397	0.4027	0.9489	0.5507	0.0314	0.6220	0.1997	0.0381	0.3723	0.4006	0.3972	0.6583	0.5246	0.0981	0.0555	0.7001	0.1335	0.3225	0.4178	0.3980	0.2783	0.6970	0.2337	0.2150	0.6934	0.4528	0.1922	0.0167	1	0.1694	0.2484	0.0296	0.6355	0.6367	0.8812	0.9625	0.6166	0.6060	0.3350	0.1856	0.3292	0.4358	0.8564	0.5375	0.2844	0.7997	0.2934
